0
0
1
1
2
1
3
1
4
1
5
1
6
1
7
1
8
1
9
1
10
1
11
1
12
1
13
1
14
1
15
1
16
1
17
1
18
1
19
1
20
1
21
1
22
1
23
1
24
1
25
1
26
1
27
1
28
1
29
1
30
1
31
1
32
1
33
1
34
1
35
1
36
1
37
1
38
1
39
1
40
1
41
1
42
1
43
1
44
1
45
1
46
1
47
1
48
1
49
1
50
1
51
1
52
1
53
1
54
1
55
1
56
1
57
1
58
2
59
2
60
2
61
2
62
2
63
2
64
2
65
2
66
2
67
2
68
2
69
2
70
2
71
2
72
2
73
2
74
2
75
2
76
2
77
2
78
2
79
2
80
2
81
2
82
2
83
2
84
2
85
2
86
2
87
2
88
2
89
2
90
2
91
2
92
2
93
2
94
2
95
2
96
2
97
2
98
2
99
2
100
2
101
2
102
2
103
2
104
2
105
2
106
2
107
2
108
2
109
2
110
2
111
2
112
2
113
2
114
2
115
2
116
2
117
2
118
2
119
2
120
2
121
2
122
2
123
2
124
2
125
2
126
2
127
2
128
2
129
2
130
2
131
2
132
2
133
2
134
2
135
2
136
2
137
2
138
2
139
2
140
2
141
2
142
2
143
2
144
2
145
2
146
2
147
2
148
2
149
2
150
2
151
2
152
2
153
2
154
2
155
2
156
2
157
2
158
2
159
2
160
2
161
2
162
2
163
2
164
2
165
2
166
2
167
2
168
2
169
2
170
2
171
2
172
3
173
3
174
3
175
3
176
3
177
3
178
3
179
3
180
3
181
3
182
3
183
3
184
3
185
3
186
3
187
3
188
3
189
3
190
3
191
3
192
3
193
3
194
3
195
3
196
3
197
3
198
3
199
3
200
3
201
3
202
3
203
3
204
3
205
3
206
3
207
3
208
3
209
3
210
3
211
3
212
3
213
3
214
3
215
3
216
3
217
3
218
3
219
3
220
3
221
3
222
3
223
3
224
3
225
3
226
3
227
3
228
3
229
3
230
3
231
3
232
3
233
3
234
3
235
3
236
3
237
3
238
3
239
3
240
3
241
3
242
3
243
3
244
3
245
3
246
3
247
3
248
3
249
3
250
3
251
3
252
3
253
3
254
3
255
3
256
3
257
3
258
3
259
3
260
3
261
3
262
3
263
3
264
3
265
3
266
3
267
3
268
3
269
3
270
3
271
3
272
3
273
3
274
3
275
3
276
3
277
3
278
3
279
3
280
3
281
3
282
3
283
3
284
3
285
3
286
3
287
3
288
3
289
3
290
3
291
3
292
3
293
3
294
3
295
3
296
3
297
3
298
3
299
3
300
3
301
3
302
3
303
3
304
3
305
3
306
3
307
3
308
3
309
3
310
3
311
3
312
3
313
3
314
3
315
3
316
3
317
3
318
3
319
3
320
3
321
3
322
3
323
3
324
3
325
3
326
3
327
3
328
3
329
3
330
3
331
3
332
3
333
3
334
3
335
3
336
3
337
3
338
3
339
3
340
3
341
3
342
3
343
3
344
3
345
3
346
3
347
3
348
3
349
3
350
3
351
3
352
3
353
3
354
3
355
3
356
3
357
3
358
3
359
3
360
3
361
3
362
3
363
3
364
3
365
3
366
3
367
3
368
3
369
3
370
3
371
3
372
3
373
3
374
3
375
3
376
3
377
3
378
3
379
3
380
3
381
3
382
3
383
3
384
3
385
3
386
3
387
3
388
3
389
3
390
3
391
3
392
3
393
3
394
3
395
3
396
3
397
3
398
3
399
3
400
3
401
3
402
3
403
3
404
3
405
3
406
3
407
3
408
3
409
3
410
3
411
3
412
3
413
3
414
3
415
3
416
3
417
3
418
3
419
3
420
3
421
3
422
3
423
3
424
3
425
3
426
3
427
3
428
3
429
3
430
3
431
3
432
3
433
3
434
3
435
3
436
3
437
3
438
3
439
3
440
3
441
3
442
3
443
3
444
3
445
3
446
3
447
3
448
3
449
3
450
3
451
3
452
3
453
3
454
3
455
3
456
3
457
3
458
3
459
3
460
3
461
3
462
3
463
3
464
3
465
3
466
3
467
3
468
3
469
3
470
3
471
3
472
3
473
3
474
3
475
3
476
4
477
4
478
4
479
4
480
4
481
4
482
4
483
4
484
4
485
4
486
4
487
4
488
4
489
4
490
4
491
4
492
4
493
4
494
4
495
4
496
4
497
4
498
4
499
4
500
4
501
4
502
4
503
4
504
4
505
4
506
4
507
4
508
4
509
4
510
4
511
4
512
4
513
4
514
4
515
4
516
4
517
4
518
4
519
4
520
4
521
4
522
4
523
4
524
4
525
4
526
4
527
4
528
4
529
4
530
4
531
4
532
4
533
4
534
4
535
4
536
4
537
4
538
4
539
4
540
4
541
4
542
4
543
4
544
4
545
4
546
4
547
4
548
4
549
4
550
4
551
4
552
4
553
4
554
4
555
4
556
4
557
4
558
4
559
4
560
4
561
4
562
4
563
4
564
4
565
4
566
4
567
4
568
4
569
4
570
4
571
5
572
5
573
5
574
5
575
5
576
5
577
5
578
5
579
5
580
5
581
5
582
5
583
5
584
5
585
5
586
5
587
5
588
5
589
5
590
5
591
5
592
5
593
5
594
5
595
5
596
5
597
5
598
5
599
5
600
5
601
5
602
5
603
5
604
5
605
5
606
5
607
5
608
5
609
5
610
5
611
5
612
5
613
5
614
5
615
5
616
5
617
5
618
5
619
5
620
5
621
5
622
5
623
5
624
5
625
5
626
5
627
5
628
5
629
5
630
5
631
5
632
5
633
5
634
5
635
5
636
5
637
5
638
5
639
5
640
5
641
5
642
5
643
5
644
5
645
5
646
5
647
5
648
5
649
5
650
5
651
5
652
5
653
5
654
5
655
5
656
5
657
5
658
5
659
5
660
5
661
5
662
5
663
5
664
5
665
5
666
5
667
5
668
5
669
5
670
5
671
5
672
5
673
5
674
5
675
5
676
5
677
5
678
5
679
5
680
5
681
5
682
5
683
5
684
5
685
5
686
5
687
5
688
5
689
5
690
5
691
5
692
5
693
5
694
5
695
5
696
5
697
5
698
5
699
5
700
5
701
5
702
5
703
5
704
5
705
5
706
5
707
5
708
5
709
5
710
5
711
5
712
5
713
5
714
5
715
5
716
5
717
5
718
5
719
5
720
5
721
5
722
5
723
5
724
5
725
5
726
5
727
5
728
5
729
5
730
5
731
5
732
5
733
5
734
5
735
5
736
5
737
5
738
5
739
5
740
5
741
5
742
5
743
5
744
5
745
5
746
5
747
5
748
5
749
5
750
5
751
5
752
5
753
5
754
5
755
5
756
5
757
5
758
5
759
5
760
5
761
5
762
5
763
5
764
5
765
5
766
5
767
5
768
5
769
5
770
5
771
5
772
5
773
5
774
5
775
5
776
5
777
5
778
5
779
5
780
5
781
5
782
5
783
5
784
5
785
5
786
5
787
5
788
5
789
5
790
5
791
5
792
5
793
5
794
5
795
5
796
5
797
5
798
5
799
5
800
5
801
5
802
5
803
5
804
5
805
5
806
5
807
5
808
5
809
5
810
5
811
5
812
5
813
5
814
5
815
5
816
5
817
5
818
5
819
5
820
5
821
5
822
5
823
5
824
5
825
5
826
5
827
5
828
5
829
5
830
5
831
5
832
5
833
5
834
5
835
5
836
5
837
5
838
5
839
5
840
5
841
5
842
5
843
5
844
5
845
5
846
5
847
5
848
5
849
5
850
5
851
5
852
5
853
5
854
5
855
5
856
5
857
5
858
5
859
5
860
5
861
5
862
5
863
5
864
5
865
5
866
5
867
5
868
5
869
5
870
5
871
5
872
5
873
5
874
5
875
6
876
6
877
6
878
6
879
6
880
6
881
6
882
6
883
6
884
6
885
6
886
6
887
6
888
6
889
6
890
6
891
6
892
6
893
6
894
6
895
6
896
6
897
6
898
6
899
6
900
6
901
6
902
6
903
6
904
6
905
6
906
6
907
6
908
6
909
6
910
6
911
6
912
6
913
6
914
6
915
6
916
6
917
6
918
6
919
6
920
6
921
6
922
6
923
6
924
6
925
6
926
6
927
6
928
6
929
6
930
6
931
6
932
6
933
6
934
6
935
6
936
6
937
6
938
6
939
6
940
6
941
6
942
6
943
6
944
6
945
6
946
6
947
6
948
6
949
6
950
6
951
6
952
6
953
6
954
6
955
6
956
6
957
6
958
6
959
6
960
6
961
6
962
6
963
6
964
6
965
6
966
6
967
6
968
6
969
6
970
6
971
6
972
6
973
6
974
6
975
6
976
6
977
6
978
6
979
6
980
6
981
6
982
6
983
6
984
6
985
6
986
6
987
6
988
6
989
6
990
6
991
6
992
6
993
6
994
6
995
6
996
6
997
6
998
6
999
6
